1 -26.133 80.784 -4.0011 Fp1
2 26.133 80.784 -4.0011 Fp2
3 -48.2 57.551 39.87 F3
4 48.143 57.584 39.892 F4
5 -63.171 0 56.872 C3
6 63.167 0 56.876 C4
7 -48.2 -57.551 39.87 P3
8 48.143 -57.584 39.892 P4
9 -26.133 -80.784 -4.0011 O1
10 26.133 -80.784 -4.0011 O2
11 -68.423 49.871 -7.4895 F7
12 68.384 49.927 -7.4851 F8
13 -84.539 0 -8.8451 T7
14 84.539 0 -8.8451 T8
15 -68.423 -49.871 -7.4895 P7
16 68.384 -49.927 -7.4851 P8
17 0 60.738 59.463 Fz
18 0 0 85 Cz
19 0 -60.738 59.463 Pz
20 -0.25 1.53 -0.65 EOG
21 -32.351 32.436 71.598 FC1
22 32.351 32.436 71.598 FC2
23 -32.351 -32.436 71.598 CP1
24 32.351 -32.436 71.598 CP2
25 -76.247 28.763 24.167 FC5
26 76.247 28.763 24.167 FC6
27 -76.247 -28.763 24.167 CP5
28 76.247 -28.763 24.167 CP6
29 -70.076 23.302 -42.088 FT9
30 70.076 23.302 -42.088 FT10
31 -70.076 -23.302 -42.088 TP9
32 70.076 -23.302 -42.088 TP10
33 -26.042 59.913 54.381 F1
34 26.025 59.874 54.431 F2
35 -34.537 0 77.667 C1
36 34.609 0 77.635 C2
37 -26.042 -59.913 54.381 P1
38 26.025 -59.874 54.431 P2
39 -31.483 76.153 20.847 AF3
40 31.483 76.153 20.847 AF4
41 -59.275 30.955 52.471 FC3
42 59.275 30.955 52.471 FC4
43 -59.275 -30.955 52.471 CP3
44 59.275 -30.955 52.471 CP4
45 -31.483 -76.153 20.847 PO3
46 31.483 -76.153 20.847 PO4
47 -63.058 54.038 18.126 F5
48 63.045 54.026 18.208 F6
49 -80.832 0 26.292 C5
50 80.832 0 26.292 C6
51 -63.058 -54.038 18.126 P5
52 63.045 -54.026 18.208 P6
53 -49.709 68.691 -5.9589 AF7
54 49.669 68.721 -5.953 AF8
55 -80.41 26.208 -8.5086 FT7
56 80.41 26.208 -8.5086 FT8
57 -80.41 -26.208 -8.5086 TP7
58 80.385 -26.285 -8.5057 TP8
59 -49.709 -68.691 -5.9589 PO7
60 49.669 -68.721 -5.953 PO8
61 0 32.928 78.363 FCz
62 0 -32.928 78.363 CPz
63 0 -79.026 31.304 POz
64 0 -84.981 -1.786 Oz