rLOF  29.000000  26.000000  -1.000000 
rLOF  36.000000  27.000000 -14.000000 
rLOF  28.000000  24.000000  -9.000000 
rLOF  28.000000  19.000000 -16.000000 
rLOF  19.000000  14.000000 -17.000000 
rLOF  15.000000  19.000000 -17.000000 
rLOF  17.000000  25.000000 -18.000000 
rLOF  15.000000  26.000000 -16.000000 
rLOF  21.000000  29.000000 -10.000000 
rLOF  26.000000  25.000000 -15.000000 
rLOF  37.000000  31.000000 -10.000000 
rLOF  30.000000  37.000000  -5.000000 
rLOF  13.000000  33.000000 -21.000000 
rLOF  12.000000  42.000000 -20.000000 
rLOF  23.000000  38.000000 -10.000000 
rLOF  25.000000  47.000000  -8.000000 
rLOF  18.000000  42.000000 -13.000000 
rLOF  12.000000  52.000000 -16.000000 
rLOF  21.000000  57.000000 -11.000000 
rPORB  42.000000  31.000000 -11.000000 
rPORB  47.000000  35.000000 -10.000000 
rPORB  44.000000  45.000000  -9.000000 
rPORB  40.000000  49.000000  -4.000000 
rPORB  33.000000  48.000000  -9.000000 
rPORB  33.000000  57.000000  -8.000000 
rFP   8.000000  61.000000 -11.000000 
rFP  10.000000  65.000000  -5.000000 
rMOF   6.000000  16.000000 -15.000000 
rMOF   5.000000  21.000000 -19.000000 
rMOF   4.000000  29.000000 -20.000000 
rMOF   7.000000  27.000000 -12.000000 
rMOF  11.000000  40.000000  -7.000000 
rMOF   8.000000  36.000000 -17.000000 
rMOF   5.000000  44.000000 -18.000000 
rMOF   7.000000  38.000000 -12.000000 
rMOF   9.000000  48.000000  -5.000000 
rMOF   6.000000  51.000000 -16.000000 
rMOF   8.000000  56.000000  -8.000000 
rMOF  11.000000  53.000000  -1.000000 
rPTRI  39.000000  33.000000  -1.000000 
rPTRI  50.000000  35.000000  -4.000000 
rPTRI  42.000000  39.000000   2.000000 
rPTRI  46.000000  33.000000  10.000000 
rPTRI  52.000000  31.000000   1.000000 
rPTRI  54.000000  28.000000   8.000000 
rPTRI  41.000000  27.000000   8.000000 
rPTRI  32.000000  29.000000   8.000000 
rPOPE  47.000000  19.000000   9.000000 
rPOPE  35.000000  19.000000  13.000000 
rPOPE  41.000000  12.000000  10.000000 
rPOPE  48.000000  12.000000   4.000000 
rPOPE  51.000000  12.000000  10.000000 
rPOPE  54.000000  18.000000  17.000000 
rPOPE  55.000000  23.000000  18.000000 
rPOPE  42.000000  22.000000  18.000000 
rPOPE  38.000000  15.000000  21.000000 
rPOPE  45.000000   9.000000  17.000000 
rRMF  20.000000  61.000000   0.000000 
rRMF  22.000000  53.000000  -5.000000 
rRMF  31.000000  50.000000  -3.000000 
rRMF  25.000000  49.000000   4.000000 
rRMF  25.000000  56.000000   9.000000 
rRMF  25.000000  49.000000  15.000000 
rRMF  35.000000  50.000000  14.000000 
rRMF  38.000000  52.000000   9.000000 
rRMF  37.000000  54.000000   3.000000 
rRMF  37.000000  43.000000   7.000000 
rRMF  37.000000  43.000000  17.000000 
rRMF  33.000000  45.000000  22.000000 
rRMF  25.000000  41.000000  20.000000 
rRMF  27.000000  35.000000  28.000000 
rRMF  36.000000  34.000000  30.000000 
rRMF  40.000000  40.000000  25.000000 
rRMF  37.000000  33.000000  14.000000 
rRMF  43.000000  29.000000  21.000000 
rRMF  47.000000  35.000000  23.000000 
rRMF  46.000000  29.000000  29.000000 
rRMF  44.000000  23.000000  29.000000 
rRMF  33.000000  31.000000  36.000000 
rSF   9.000000  57.000000   5.000000 
rSF  11.000000  64.000000   7.000000 
rSF  10.000000  53.000000   9.000000 
rSF  15.000000  46.000000   9.000000 
rSF   8.000000  52.000000  17.000000 
rSF  14.000000  63.000000  14.000000 
rSF  19.000000  58.000000  17.000000 
rSF   8.000000  60.000000  22.000000 
rSF   9.000000  45.000000  22.000000 
rSF  15.000000  37.000000  20.000000 
rSF   9.000000  44.000000  30.000000 
rSF   8.000000  56.000000  29.000000 
rSF  22.000000  53.000000  24.000000 
rSF  25.000000  47.000000  30.000000 
rSF  22.000000  40.000000  30.000000 
rSF  17.000000  46.000000  36.000000 
rSF   8.000000  52.000000  35.000000 
rSF   8.000000  47.000000  41.000000 
rSF   8.000000  34.000000  34.000000 
rSF  14.000000  29.000000  29.000000 
rSF  14.000000  18.000000  37.000000 
rSF   9.000000  26.000000  38.000000 
rSF   8.000000  33.000000  43.000000 
rSF   8.000000  39.000000  48.000000 
rSF  18.000000  37.000000  43.000000 
rSF  22.000000  30.000000  37.000000 
rSF  21.000000  24.000000  42.000000 
rSF  20.000000  30.000000  49.000000 
rSF  11.000000  32.000000  52.000000 
rSF   9.000000  18.000000  48.000000 
rSF  11.000000  12.000000  44.000000 
rSF  14.000000   4.000000  42.000000 
rSF   8.000000   6.000000  50.000000 
rSF   9.000000  16.000000  60.000000 
rSF   9.000000  24.000000  56.000000 
rSF  21.000000  21.000000  54.000000 
rSF  22.000000  14.000000  48.000000 
rSF  23.000000   4.000000  47.000000 
rSF  22.000000  12.000000  57.000000 
rSF  14.000000   7.000000  59.000000 
rSF  24.000000   3.000000  59.000000 
rSF  20.000000  -3.000000  60.000000 
rSF   8.000000   3.000000  63.000000 
rSF   9.000000  -2.000000  57.000000 
rSF  10.000000  -5.000000  48.000000 
rSF  11.000000  -5.000000  66.000000 
rCMF  29.000000  25.000000  40.000000 
rCMF  38.000000  27.000000  42.000000 
rCMF  41.000000  18.000000  47.000000 
rCMF  32.000000  17.000000  45.000000 
rCMF  38.000000  19.000000  32.000000 
rCMF  33.000000  13.000000  28.000000 
rCMF  42.000000  17.000000  39.000000 
rCMF  37.000000   5.000000  35.000000 
rCMF  32.000000  11.000000  51.000000 
rCMF  41.000000   6.000000  49.000000 
rCMF  39.000000   7.000000  42.000000 
rCMF  27.000000   2.000000  45.000000 
rCMF  30.000000   4.000000  50.000000 
rPREC  43.000000   3.000000  15.000000 
rPREC  48.000000   4.000000  10.000000 
rPREC  57.000000   4.000000   7.000000 
rPREC  54.000000  -2.000000  11.000000 
rPREC  61.000000   2.000000  16.000000 
rPREC  57.000000   6.000000  13.000000 
rPREC  50.000000   5.000000  22.000000 
rPREC  49.000000   6.000000  29.000000 
rPREC  58.000000   5.000000  31.000000 
rPREC  55.000000  -3.000000  21.000000 
rPREC  47.000000  -6.000000  28.000000 
rPREC  56.000000   0.000000  38.000000 
rPREC  48.000000   2.000000  38.000000 
rPREC  41.000000  -2.000000  42.000000 
rPREC  51.000000  -2.000000  46.000000 
rPREC  46.000000  -8.000000  36.000000 
rPREC  39.000000 -13.000000  34.000000 
rPREC  33.000000 -17.000000  41.000000 
rPREC  42.000000  -9.000000  45.000000 
rPREC  44.000000  -4.000000  53.000000 
rPREC  31.000000  -7.000000  45.000000 
rPREC  23.000000  -7.000000  48.000000 
rPREC  34.000000  -9.000000  52.000000 
rPREC  41.000000 -10.000000  59.000000 
rPREC  38.000000 -13.000000  52.000000 
rPREC  34.000000 -22.000000  47.000000 
rPREC  27.000000 -23.000000  48.000000 
rPREC  26.000000 -21.000000  59.000000 
rPREC  34.000000 -16.000000  65.000000 
rPREC  24.000000 -11.000000  54.000000 
rPREC  26.000000 -13.000000  65.000000 
rPREC  18.000000 -22.000000  63.000000 
rPREC  18.000000 -26.000000  54.000000 
rPREC  10.000000 -28.000000  65.000000 
rPREC  15.000000 -18.000000  71.000000 
rPREC  14.000000 -12.000000  61.000000 
rPARC   5.000000 -23.000000  65.000000 
rPARC   5.000000 -31.000000  61.000000 
rPARC   8.000000 -38.000000  66.000000 
rPARC  10.000000 -35.000000  55.000000 
rPARC   7.000000 -28.000000  54.000000 
rPARC  18.000000 -39.000000  50.000000 
rPARC  19.000000 -34.000000  42.000000 
rPARC  18.000000 -26.000000  39.000000 
rPARC  12.000000 -25.000000  48.000000 
rPARC  12.000000 -15.000000  46.000000 
rPARC   6.000000 -15.000000  52.000000 
rPARC   6.000000 -13.000000  64.000000 
rRAC   6.000000  28.000000  -6.000000 
rRAC   7.000000  37.000000  -2.000000 
rRAC   9.000000  41.000000   6.000000 
rRAC   9.000000  37.000000  14.000000 
rCAC   6.000000  31.000000  20.000000 
rCAC   7.000000  26.000000  26.000000 
rCAC   7.000000  18.000000  30.000000 
rCAC   6.000000  10.000000  34.000000 
rPC   7.000000   2.000000  38.000000 
rPC  12.000000  -9.000000  39.000000 
rPC   5.000000  -5.000000  34.000000 
rPC   5.000000 -17.000000  32.000000 
rPC   6.000000 -24.000000  38.000000 
rPC  14.000000 -19.000000  37.000000 
rPC  12.000000 -30.000000  38.000000 
rISTC   7.000000 -36.000000  41.000000 
rISTC   5.000000 -33.000000  32.000000 
rISTC  11.000000 -38.000000  33.000000 
rISTC   6.000000 -45.000000  30.000000 
rISTC   6.000000 -47.000000  21.000000 
rISTC   9.000000 -49.000000  10.000000 
rISTC  27.000000 -55.000000   8.000000 
rISTC  17.000000 -47.000000   5.000000 
rPSTC  50.000000  -8.000000  15.000000 
rPSTC  45.000000 -13.000000  21.000000 
rPSTC  52.000000 -16.000000  19.000000 
rPSTC  61.000000 -17.000000  20.000000 
rPSTC  61.000000 -10.000000  16.000000 
rPSTC  63.000000  -5.000000  13.000000 
rPSTC  64.000000  -7.000000  24.000000 
rPSTC  62.000000  -9.000000  32.000000 
rPSTC  51.000000  -9.000000  27.000000 
rPSTC  57.000000 -10.000000  36.000000 
rPSTC  56.000000 -17.000000  30.000000 
rPSTC  50.000000 -19.000000  38.000000 
rPSTC  57.000000 -13.000000  41.000000 
rPSTC  45.000000 -17.000000  38.000000 
rPSTC  45.000000 -17.000000  48.000000 
rPSTC  55.000000 -14.000000  48.000000 
rPSTC  50.000000 -18.000000  55.000000 
rPSTC  47.000000 -24.000000  50.000000 
rPSTC  42.000000 -27.000000  45.000000 
rPSTC  38.000000 -31.000000  50.000000 
rPSTC  45.000000 -25.000000  60.000000 
rPSTC  37.000000 -25.000000  49.000000 
rPSTC  36.000000 -27.000000  57.000000 
rPSTC  37.000000 -32.000000  62.000000 
rPSTC  31.000000 -34.000000  51.000000 
rPSTC  24.000000 -34.000000  59.000000 
rPSTC  30.000000 -29.000000  67.000000 
rPSTC  22.000000 -30.000000  56.000000 
rPSTC  23.000000 -29.000000  68.000000 
rPSTC  10.000000 -34.000000  66.000000 
rPSTC  14.000000 -32.000000  73.000000 
rSMAR  47.000000 -23.000000  21.000000 
rSMAR  37.000000 -27.000000  22.000000 
rSMAR  42.000000 -34.000000  20.000000 
rSMAR  50.000000 -36.000000  26.000000 
rSMAR  52.000000 -22.000000  23.000000 
rSMAR  58.000000 -25.000000  28.000000 
rSMAR  62.000000 -24.000000  33.000000 
rSMAR  60.000000 -33.000000  37.000000 
rSMAR  62.000000 -38.000000  31.000000 
rSMAR  63.000000 -38.000000  23.000000 
rSMAR  55.000000 -40.000000  42.000000 
rSMAR  56.000000 -31.000000  45.000000 
rSMAR  54.000000 -26.000000  38.000000 
rSMAR  48.000000 -35.000000  41.000000 
rSMAR  41.000000 -36.000000  36.000000 
rSMAR  43.000000 -28.000000  37.000000 
rSP  31.000000 -36.000000  43.000000 
rSP  29.000000 -42.000000  54.000000 
rSP  18.000000 -40.000000  64.000000 
rSP  16.000000 -49.000000  67.000000 
rSP  25.000000 -45.000000  59.000000 
rSP  32.000000 -47.000000  61.000000 
rSP  36.000000 -43.000000  49.000000 
rSP  33.000000 -41.000000  40.000000 
rSP  30.000000 -49.000000  43.000000 
rSP  35.000000 -50.000000  56.000000 
rSP  17.000000 -52.000000  57.000000 
rSP  14.000000 -61.000000  60.000000 
rSP  24.000000 -58.000000  58.000000 
rSP  26.000000 -54.000000  52.000000 
rSP  29.000000 -58.000000  45.000000 
rSP  22.000000 -64.000000  50.000000 
rSP  13.000000 -69.000000  54.000000 
rSP  21.000000 -64.000000  41.000000 
rSP  26.000000 -57.000000  40.000000 
rSP  29.000000 -61.000000  29.000000 
rSP  25.000000 -72.000000  37.000000 
rSP  19.000000 -72.000000  44.000000 
rSP  22.000000 -83.000000  37.000000 
rSP  26.000000 -78.000000  29.000000 
rSP  29.000000 -68.000000  23.000000 
rSP  25.000000 -78.000000  22.000000 
rSP  19.000000 -85.000000  29.000000 
rIP  54.000000 -46.000000  27.000000 
rIP  54.000000 -49.000000  40.000000 
rIP  53.000000 -43.000000  37.000000 
rIP  40.000000 -45.000000  35.000000 
rIP  41.000000 -52.000000  39.000000 
rIP  50.000000 -55.000000  43.000000 
rIP  40.000000 -59.000000  44.000000 
rIP  35.000000 -64.000000  38.000000 
rIP  42.000000 -64.000000  36.000000 
rIP  39.000000 -67.000000  45.000000 
rIP  37.000000 -73.000000  38.000000 
rIP  35.000000 -67.000000  29.000000 
rIP  35.000000 -73.000000  21.000000 
rIP  36.000000 -78.000000  31.000000 
rIP  40.000000 -81.000000  22.000000 
rIP  42.000000 -71.000000  26.000000 
rIP  45.000000 -75.000000  17.000000 
rIP  47.000000 -69.000000  13.000000 
rIP  40.000000 -63.000000  15.000000 
rIP  42.000000 -55.000000  13.000000 
rIP  40.000000 -63.000000  24.000000 
rIP  47.000000 -64.000000  30.000000 
rIP  50.000000 -58.000000  26.000000 
rIP  50.000000 -58.000000  35.000000 
rIP  52.000000 -51.000000  31.000000 
rIP  49.000000 -44.000000  22.000000 
rIP  45.000000 -50.000000  20.000000 
rIP  50.000000 -55.000000  17.000000 
rPCUN  14.000000 -41.000000  63.000000 
rPCUN  10.000000 -47.000000  61.000000 
rPCUN   9.000000 -51.000000  54.000000 
rPCUN   8.000000 -46.000000  46.000000 
rPCUN  15.000000 -45.000000  49.000000 
rPCUN   8.000000 -41.000000  41.000000 
rPCUN  15.000000 -47.000000  40.000000 
rPCUN  11.000000 -51.000000  27.000000 
rPCUN  12.000000 -54.000000  37.000000 
rPCUN   8.000000 -57.000000  47.000000 
rPCUN   8.000000 -65.000000  45.000000 
rPCUN   7.000000 -60.000000  37.000000 
rPCUN  12.000000 -64.000000  35.000000 
rPCUN  14.000000 -69.000000  41.000000 
rPCUN  22.000000 -72.000000  36.000000 
rPCUN  21.000000 -71.000000  27.000000 
rPCUN  20.000000 -61.000000  31.000000 
rPCUN  25.000000 -61.000000  20.000000 
rPCUN  17.000000 -58.000000  25.000000 
rPCUN   6.000000 -60.000000  27.000000 
rPCUN   7.000000 -56.000000  18.000000 
rPCUN  15.000000 -53.000000  16.000000 
rPCUN  24.000000 -59.000000  12.000000 
rCUN  19.000000 -64.000000  16.000000 
rCUN  15.000000 -73.000000  23.000000 
rCUN   8.000000 -66.000000  18.000000 
rCUN   6.000000 -81.000000  31.000000 
rCUN  14.000000 -79.000000  35.000000 
rCUN   6.000000 -75.000000  22.000000 
rCUN  12.000000 -88.000000  27.000000 
rCUN  12.000000 -91.000000  15.000000 
rCUN   6.000000 -83.000000  22.000000 
rCUN   6.000000 -88.000000  12.000000 
rPCAL  18.000000 -91.000000   2.000000 
rPCAL  14.000000 -86.000000   7.000000 
rPCAL  14.000000 -77.000000   7.000000 
rPCAL   7.000000 -71.000000  10.000000 
rPCAL  18.000000 -72.000000  11.000000 
rPCAL  24.000000 -68.000000   9.000000 
rPCAL  14.000000 -68.000000  15.000000 
rPCAL   7.000000 -74.000000  16.000000 
rPCAL  13.000000 -79.000000  15.000000 
rPCAL  10.000000 -89.000000   9.000000 
rLOCC  16.000000 -94.000000  -5.000000 
rLOCC  25.000000 -93.000000  -7.000000 
rLOCC  30.000000 -89.000000  -8.000000 
rLOCC  29.000000 -94.000000  -2.000000 
rLOCC  19.000000 -99.000000  -1.000000 
rLOCC  24.000000 -94.000000  13.000000 
rLOCC  28.000000 -89.000000   4.000000 
rLOCC  29.000000 -88.000000  13.000000 
rLOCC  17.000000 -100.000000   8.000000 
rLOCC  14.000000 -97.000000  15.000000 
rLOCC  22.000000 -89.000000  20.000000 
rLOCC  26.000000 -83.000000  17.000000 
rLOCC  35.000000 -83.000000  15.000000 
rLOCC  34.000000 -79.000000   4.000000 
rLOCC  42.000000 -83.000000  -7.000000 
rLOCC  41.000000 -83.000000   0.000000 
rLOCC  37.000000 -75.000000  10.000000 
rLOCC  48.000000 -77.000000   6.000000 
rLOCC  45.000000 -72.000000   3.000000 
rLING  10.000000 -88.000000  -6.000000 
rLING   5.000000 -86.000000  -2.000000 
rLING   5.000000 -71.000000   8.000000 
rLING  12.000000 -78.000000  -1.000000 
rLING  18.000000 -82.000000  -8.000000 
rLING  18.000000 -74.000000  -3.000000 
rLING  25.000000 -69.000000   1.000000 
rLING  29.000000 -53.000000  -2.000000 
rLING  23.000000 -60.000000  -2.000000 
rLING  11.000000 -69.000000   0.000000 
rLING   6.000000 -63.000000   9.000000 
rLING  16.000000 -58.000000   0.000000 
rLING  10.000000 -57.000000   4.000000 
rLING  24.000000 -59.000000   4.000000 
rLING  15.000000 -48.000000  -2.000000 
rLING  22.000000 -50.000000   0.000000 
rLING  23.000000 -48.000000  -4.000000 
rFUS  23.000000 -83.000000  -4.000000 
rFUS  29.000000 -78.000000  -3.000000 
rFUS  37.000000 -77.000000  -7.000000 
rFUS  33.000000 -70.000000  -7.000000 
rFUS  45.000000 -72.000000  -9.000000 
rFUS  46.000000 -63.000000  -7.000000 
rFUS  40.000000 -61.000000 -11.000000 
rFUS  30.000000 -65.000000  -3.000000 
rFUS  30.000000 -58.000000  -8.000000 
rFUS  43.000000 -54.000000 -12.000000 
rFUS  42.000000 -47.000000 -14.000000 
rFUS  29.000000 -49.000000  -9.000000 
rFUS  36.000000 -44.000000  -8.000000 
rFUS  30.000000 -40.000000 -13.000000 
rFUS  36.000000 -35.000000 -14.000000 
rFUS  42.000000 -38.000000 -15.000000 
rFUS  37.000000 -30.000000 -19.000000 
rFUS  40.000000 -22.000000 -19.000000 
rFUS  39.000000 -13.000000 -21.000000 
rFUS  37.000000  -6.000000 -27.000000 
rFUS  36.000000  -4.000000 -33.000000 
rFUS  32.000000   1.000000 -35.000000 
rPARH  17.000000 -37.000000  -6.000000 
rPARH  31.000000 -39.000000  -6.000000 
rPARH  22.000000 -30.000000 -12.000000 
rPARH  37.000000 -32.000000 -11.000000 
rPARH  28.000000 -25.000000 -17.000000 
rPARH  29.000000 -20.000000 -22.000000 
rENT  25.000000 -12.000000 -25.000000 
rENT  27.000000  -2.000000 -28.000000 
rTP  27.000000   8.000000 -32.000000 
rTP  38.000000  18.000000 -27.000000 
rTP  33.000000  17.000000 -30.000000 
rIT  43.000000 -60.000000   1.000000 
rIT  49.000000 -51.000000  -9.000000 
rIT  57.000000 -55.000000  -8.000000 
rIT  52.000000 -59.000000  -3.000000 
rIT  56.000000 -47.000000  -9.000000 
rIT  56.000000 -47.000000 -15.000000 
rIT  56.000000 -38.000000 -18.000000 
rIT  50.000000 -36.000000 -15.000000 
rIT  54.000000 -32.000000 -15.000000 
rIT  58.000000 -27.000000 -22.000000 
rIT  50.000000 -24.000000 -20.000000 
rIT  48.000000 -17.000000 -24.000000 
rIT  58.000000 -20.000000 -24.000000 
rIT  54.000000 -14.000000 -28.000000 
rIT  44.000000 -10.000000 -26.000000 
rIT  48.000000  -7.000000 -33.000000 
rIT  43.000000   1.000000 -28.000000 
rIT  47.000000  -5.000000 -29.000000 
rIT  37.000000   1.000000 -31.000000 
rMT  48.000000 -58.000000   8.000000 
rMT  58.000000 -53.000000  10.000000 
rMT  54.000000 -59.000000   6.000000 
rMT  59.000000 -51.000000   1.000000 
rMT  65.000000 -39.000000  -2.000000 
rMT  58.000000 -42.000000  -5.000000 
rMT  65.000000 -34.000000  -8.000000 
rMT  59.000000 -28.000000 -12.000000 
rMT  66.000000 -25.000000  -8.000000 
rMT  52.000000 -26.000000  -8.000000 
rMT  65.000000 -17.000000 -12.000000 
rMT  59.000000 -16.000000 -16.000000 
rMT  53.000000 -18.000000 -12.000000 
rMT  52.000000 -10.000000 -16.000000 
rMT  63.000000  -9.000000 -16.000000 
rMT  54.000000  -9.000000 -21.000000 
rMT  58.000000   0.000000 -22.000000 
rMT  50.000000  -3.000000 -23.000000 
rMT  51.000000   8.000000 -26.000000 
rMT  44.000000  11.000000 -30.000000 
rBSTS  46.000000 -42.000000  14.000000 
rBSTS  53.000000 -45.000000   9.000000 
rBSTS  59.000000 -41.000000  -1.000000 
rBSTS  54.000000 -35.000000   9.000000 
rBSTS  49.000000 -31.000000   4.000000 
rBSTS  47.000000 -40.000000   2.000000 
rBSTS  47.000000 -35.000000  -1.000000 
rST  61.000000 -34.000000  19.000000 
rST  61.000000 -36.000000  12.000000 
rST  66.000000 -32.000000  13.000000 
rST  49.000000 -32.000000  14.000000 
rST  43.000000 -30.000000  11.000000 
rST  51.000000 -24.000000   8.000000 
rST  62.000000 -21.000000   8.000000 
rST  67.000000 -26.000000   5.000000 
rST  59.000000 -20.000000   1.000000 
rST  66.000000 -16.000000   5.000000 
rST  46.000000 -17.000000  -2.000000 
rST  55.000000  -5.000000   0.000000 
rST  64.000000  -8.000000   0.000000 
rST  50.000000 -19.000000  -2.000000 
rST  45.000000 -26.000000  -2.000000 
rST  48.000000 -15.000000  -8.000000 
rST  61.000000  -3.000000  -3.000000 
rST  48.000000  -9.000000  -8.000000 
rST  53.000000   6.000000  -7.000000 
rST  57.000000   1.000000  -8.000000 
rST  49.000000  -7.000000 -13.000000 
rST  49.000000   2.000000 -19.000000 
rST  54.000000  12.000000 -11.000000 
rST  46.000000  -3.000000 -13.000000 
rST  47.000000   6.000000 -17.000000 
rST  49.000000  16.000000 -17.000000 
rST  44.000000  13.000000 -23.000000 
rST  43.000000  14.000000 -21.000000 
rTT  51.000000 -14.000000   6.000000 
rTT  43.000000 -21.000000  10.000000 
rTT  37.000000 -26.000000  13.000000 
lLOF -16.000000  16.000000 -17.000000 
lLOF -25.000000  14.000000 -17.000000 
lLOF -26.000000  19.000000 -10.000000 
lLOF -27.000000  27.000000   0.000000 
lLOF -28.000000  29.000000   2.000000 
lLOF -36.000000  23.000000 -11.000000 
lLOF -31.000000  23.000000 -16.000000 
lLOF -36.000000  29.000000 -10.000000 
lLOF -24.000000  29.000000  -9.000000 
lLOF -20.000000  24.000000 -12.000000 
lLOF -15.000000  24.000000 -16.000000 
lLOF -14.000000  33.000000 -19.000000 
lLOF -11.000000  45.000000 -19.000000 
lLOF -16.000000  40.000000 -16.000000 
lLOF -22.000000  36.000000   8.000000 
lLOF -25.000000  44.000000  -8.000000 
lLOF -18.000000  48.000000 -12.000000 
lLOF -27.000000  57.000000  -9.000000 
lLOF -21.000000  57.000000 -11.000000 
lLOF -12.000000  57.000000 -14.000000 
lPORB -45.000000  31.000000 -11.000000 
lPORB -45.000000  39.000000 -11.000000 
lPORB -43.000000  44.000000  -9.000000 
lPORB -34.000000  45.000000  -8.000000 
lPORB -40.000000  49.000000  -7.000000 
lPORB -35.000000  54.000000  -6.000000 
lFP -10.000000  60.000000  -9.000000 
lFP -10.000000  65.000000  -3.000000 
lMOF  -6.000000  18.000000 -14.000000 
lMOF  -7.000000  23.000000 -17.000000 
lMOF  -6.000000  34.000000 -21.000000 
lMOF  -4.000000  28.000000 -22.000000 
lMOF  -8.000000  26.000000 -11.000000 
lMOF -11.000000  35.000000 -10.000000 
lMOF  -4.000000  39.000000 -21.000000 
lMOF  -5.000000  48.000000 -18.000000 
lMOF -12.000000  43.000000  -8.000000 
lMOF -14.000000  47.000000   0.000000 
lMOF  -8.000000  52.000000  -6.000000 
lMOF  -6.000000  57.000000 -12.000000 
lPTRI -40.000000  33.000000  -5.000000 
lPTRI -49.000000  34.000000  -3.000000 
lPTRI -43.000000  39.000000   3.000000 
lPTRI -43.000000  33.000000   9.000000 
lPTRI -52.000000  29.000000   5.000000 
lPTRI -40.000000  29.000000   5.000000 
lPTRI -31.000000  30.000000   6.000000 
lPOPE -32.000000  17.000000  14.000000 
lPOPE -38.000000  22.000000  12.000000 
lPOPE -50.000000  22.000000   9.000000 
lPOPE -41.000000   9.000000  12.000000 
lPOPE -47.000000  11.000000   3.000000 
lPOPE -52.000000  14.000000  10.000000 
lPOPE -53.000000  19.000000  20.000000 
lPOPE -47.000000  24.000000  18.000000 
lPOPE -41.000000  17.000000  21.000000 
lPOPE -40.000000   9.000000  21.000000 
lPOPE -47.000000  11.000000  14.000000 
lRMF -20.000000  54.000000   2.000000 
lRMF -29.000000  51.000000  -1.000000 
lRMF -22.000000  55.000000   3.000000 
lRMF -27.000000  46.000000   8.000000 
lRMF -35.000000  52.000000   5.000000 
lRMF -39.000000  44.000000   7.000000 
lRMF -37.000000  49.000000  15.000000 
lRMF -31.000000  47.000000  16.000000 
lRMF -29.000000  37.000000  20.000000 
lRMF -37.000000  44.000000  22.000000 
lRMF -36.000000  40.000000  15.000000 
lRMF -37.000000  32.000000  17.000000 
lRMF -44.000000  34.000000  20.000000 
lRMF -40.000000  38.000000  27.000000 
lRMF -34.000000  32.000000  30.000000 
lRMF -28.000000  32.000000  33.000000 
lRMF -42.000000  28.000000  33.000000 
lRMF -44.000000  29.000000  26.000000 
lRMF -36.000000  24.000000  24.000000 
lSF -11.000000  56.000000   4.000000 
lSF -10.000000  64.000000   7.000000 
lSF -18.000000  61.000000   8.000000 
lSF -16.000000  61.000000  13.000000 
lSF  -8.000000  60.000000  18.000000 
lSF  -9.000000  52.000000  11.000000 
lSF -13.000000  48.000000   6.000000 
lSF -14.000000  42.000000  17.000000 
lSF  -7.000000  48.000000  21.000000 
lSF  -8.000000  57.000000  27.000000 
lSF -14.000000  53.000000  26.000000 
lSF -20.000000  55.000000  21.000000 
lSF -23.000000  52.000000  17.000000 
lSF -22.000000  44.000000  24.000000 
lSF -21.000000  40.000000  30.000000 
lSF -21.000000  47.000000  31.000000 
lSF -13.000000  48.000000  35.000000 
lSF  -7.000000  51.000000  35.000000 
lSF  -7.000000  37.000000  32.000000 
lSF -13.000000  34.000000  24.000000 
lSF -13.000000  26.000000  31.000000 
lSF  -8.000000  30.000000  36.000000 
lSF  -7.000000  44.000000  43.000000 
lSF -15.000000   4.000000  42.000000 
lSF -19.000000  32.000000  34.000000 
lSF -20.000000  24.000000  37.000000 
lSF -20.000000  31.000000  47.000000 
lSF  -9.000000  35.000000  48.000000 
lSF  -6.000000  29.000000  45.000000 
lSF  -8.000000  19.000000  43.000000 
lSF -12.000000  13.000000  39.000000 
lSF  -8.000000  27.000000  54.000000 
lSF -17.000000  26.000000  50.000000 
lSF -21.000000  23.000000  46.000000 
lSF -20.000000  12.000000  47.000000 
lSF -19.000000  18.000000  56.000000 
lSF  -8.000000  19.000000  58.000000 
lSF  -8.000000  10.000000  45.000000 
lSF -11.000000  -1.000000  45.000000 
lSF  -8.000000   5.000000  54.000000 
lSF  -9.000000  13.000000  60.000000 
lSF -18.000000  11.000000  59.000000 
lSF -19.000000   5.000000  52.000000 
lSF -19.000000  -5.000000  51.000000 
lSF -18.000000   3.000000  62.000000 
lSF -10.000000   3.000000  65.000000 
lSF  -6.000000  -2.000000  57.000000 
lSF  -5.000000  -6.000000  51.000000 
lSF -17.000000  -7.000000  59.000000 
lSF -10.000000  -7.000000  65.000000 
lCMF -34.000000   5.000000  28.000000 
lCMF -34.000000  16.000000  28.000000 
lCMF -43.000000  23.000000  36.000000 
lCMF -36.000000  25.000000  41.000000 
lCMF -28.000000  22.000000  36.000000 
lCMF -28.000000  16.000000  42.000000 
lCMF -29.000000  11.000000  52.000000 
lCMF -42.000000  18.000000  44.000000 
lCMF -36.000000   8.000000  35.000000 
lCMF -39.000000   9.000000  44.000000 
lCMF -39.000000   9.000000  51.000000 
lCMF -34.000000  22.000000  47.000000 
lCMF -25.000000   1.000000  45.000000 
lPREC -40.000000   1.000000  15.000000 
lPREC -46.000000  -5.000000  13.000000 
lPREC -55.000000  -1.000000   9.000000 
lPREC -55.000000   5.000000   5.000000 
lPREC -50.000000   4.000000  16.000000 
lPREC -56.000000   6.000000  22.000000 
lPREC -58.000000  -2.000000  15.000000 
lPREC -56.000000  -1.000000  31.000000 
lPREC -42.000000   3.000000  25.000000 
lPREC -53.000000   5.000000  30.000000 
lPREC -42.000000  -1.000000  33.000000 
lPREC -53.000000  -1.000000  38.000000 
lPREC -49.000000  -6.000000  26.000000 
lPREC -42.000000 -10.000000  31.000000 
lPREC -41.000000 -13.000000  39.000000 
lPREC -52.000000  -6.000000  44.000000 
lPREC -47.000000   2.000000  43.000000 
lPREC -42.000000  -4.000000  43.000000 
lPREC -45.000000  -8.000000  49.000000 
lPREC -38.000000 -11.000000  49.000000 
lPREC -33.000000 -17.000000  39.000000 
lPREC -34.000000 -23.000000  46.000000 
lPREC -38.000000 -20.000000  52.000000 
lPREC -40.000000  -9.000000  59.000000 
lPREC -35.000000  -7.000000  50.000000 
lPREC -27.000000  -9.000000  45.000000 
lPREC -23.000000 -12.000000  54.000000 
lPREC -26.000000 -14.000000  64.000000 
lPREC -33.000000 -14.000000  64.000000 
lPREC -26.000000 -22.000000  60.000000 
lPREC -22.000000 -25.000000  50.000000 
lPREC -16.000000 -24.000000  59.000000 
lPREC -22.000000 -18.000000  68.000000 
lPREC -12.000000 -16.000000  66.000000 
lPREC -10.000000 -25.000000  71.000000 
lPREC  -9.000000 -31.000000  60.000000 
lPARC  -4.000000 -19.000000  65.000000 
lPARC  -5.000000 -26.000000  58.000000 
lPARC  -3.000000 -39.000000  62.000000 
lPARC  -5.000000 -34.000000  54.000000 
lPARC -10.000000 -40.000000  66.000000 
lPARC -13.000000 -37.000000  54.000000 
lPARC -17.000000 -32.000000  41.000000 
lPARC -11.000000 -30.000000  48.000000 
lPARC -13.000000 -19.000000  44.000000 
lPARC  -6.000000 -20.000000  50.000000 
lPARC  -5.000000 -16.000000  59.000000 
lRAC  -6.000000  30.000000  -6.000000 
lRAC  -6.000000  40.000000  -4.000000 
lRAC  -7.000000  43.000000   4.000000 
lRAC  -8.000000  37.000000  14.000000 
lCAC  -5.000000  26.000000  22.000000 
lCAC -11.000000  20.000000  29.000000 
lCAC  -5.000000  16.000000  31.000000 
lCAC  -8.000000   8.000000  36.000000 
lPC  -4.000000   1.000000  37.000000 
lPC  -9.000000  -7.000000  40.000000 
lPC  -3.000000  -9.000000  33.000000 
lPC  -7.000000 -17.000000  38.000000 
lPC  -3.000000 -25.000000  32.000000 
lPC  -7.000000 -26.000000  40.000000 
lPC -14.000000 -31.000000  37.000000 
lISTC  -6.000000 -37.000000  42.000000 
lISTC  -4.000000 -35.000000  32.000000 
lISTC -10.000000 -40.000000  33.000000 
lISTC  -6.000000 -46.000000  30.000000 
lISTC  -4.000000 -47.000000  23.000000 
lISTC  -6.000000 -52.000000  11.000000 
lISTC -21.000000 -53.000000   7.000000 
lISTC -12.000000 -47.000000   6.000000 
lPSTC -50.000000  -9.000000  14.000000 
lPSTC -63.000000 -12.000000  15.000000 
lPSTC -45.000000 -15.000000  20.000000 
lPSTC -53.000000 -17.000000  18.000000 
lPSTC -59.000000 -17.000000  24.000000 
lPSTC -62.000000 -10.000000  28.000000 
lPSTC -57.000000 -10.000000  22.000000 
lPSTC -49.000000 -13.000000  30.000000 
lPSTC -59.000000 -14.000000  37.000000 
lPSTC -51.000000 -21.000000  33.000000 
lPSTC -54.000000 -18.000000  47.000000 
lPSTC -53.000000 -16.000000  41.000000 
lPSTC -44.000000 -20.000000  38.000000 
lPSTC -43.000000 -19.000000  45.000000 
lPSTC -46.000000 -25.000000  46.000000 
lPSTC -39.000000 -28.000000  40.000000 
lPSTC -40.000000 -33.000000  51.000000 
lPSTC -48.000000 -23.000000  56.000000 
lPSTC -44.000000 -20.000000  55.000000 
lPSTC -36.000000 -27.000000  51.000000 
lPSTC -39.000000 -27.000000  63.000000 
lPSTC -31.000000 -34.000000  56.000000 
lPSTC -32.000000 -28.000000  65.000000 
lPSTC -26.000000 -29.000000  55.000000 
lPSTC -25.000000 -30.000000  67.000000 
lPSTC -22.000000 -34.000000  58.000000 
lPSTC -18.000000 -30.000000  70.000000 
lPSTC -16.000000 -32.000000  59.000000 
lPSTC -15.000000 -37.000000  70.000000 
lPSTC  -9.000000 -34.000000  71.000000 
lSMAR -45.000000 -23.000000  23.000000 
lSMAR -39.000000 -33.000000  20.000000 
lSMAR -44.000000 -39.000000  25.000000 
lSMAR -51.000000 -30.000000  19.000000 
lSMAR -58.000000 -24.000000  21.000000 
lSMAR -57.000000 -27.000000  32.000000 
lSMAR -62.000000 -31.000000  28.000000 
lSMAR -54.000000 -35.000000  30.000000 
lSMAR -51.000000 -43.000000  31.000000 
lSMAR -58.000000 -49.000000  26.000000 
lSMAR -57.000000 -49.000000  32.000000 
lSMAR -57.000000 -37.000000  39.000000 
lSMAR -50.000000 -30.000000  35.000000 
lSMAR -44.000000 -35.000000  39.000000 
lSMAR -52.000000 -38.000000  45.000000 
lSMAR -54.000000 -47.000000  38.000000 
lSMAR -48.000000 -48.000000  45.000000 
lSMAR -40.000000 -43.000000  38.000000 
lSMAR -37.000000 -33.000000  36.000000 
lSP -30.000000 -37.000000  43.000000 
lSP -29.000000 -39.000000  50.000000 
lSP -18.000000 -42.000000  59.000000 
lSP -14.000000 -48.000000  68.000000 
lSP -24.000000 -48.000000  59.000000 
lSP -33.000000 -44.000000  54.000000 
lSP -35.000000 -45.000000  47.000000 
lSP -30.000000 -46.000000  37.000000 
lSP -31.000000 -52.000000  52.000000 
lSP -33.000000 -50.000000  61.000000 
lSP -15.000000 -52.000000  58.000000 
lSP -25.000000 -56.000000  58.000000 
lSP -26.000000 -51.000000  42.000000 
lSP -23.000000 -59.000000  49.000000 
lSP -19.000000 -61.000000  60.000000 
lSP -12.000000 -66.000000  54.000000 
lSP -15.000000 -64.000000  48.000000 
lSP -25.000000 -61.000000  42.000000 
lSP -20.000000 -61.000000  34.000000 
lSP -17.000000 -68.000000  40.000000 
lSP -16.000000 -74.000000  45.000000 
lSP -19.000000 -83.000000  37.000000 
lSP -21.000000 -78.000000  32.000000 
lSP -24.000000 -66.000000  26.000000 
lSP -24.000000 -76.000000  18.000000 
lSP -19.000000 -82.000000  24.000000 
lSP -13.000000 -84.000000  29.000000 
lIP -49.000000 -53.000000  41.000000 
lIP -39.000000 -51.000000  35.000000 
lIP -48.000000 -59.000000  41.000000 
lIP -42.000000 -63.000000  45.000000 
lIP -34.000000 -59.000000  39.000000 
lIP -38.000000 -67.000000  42.000000 
lIP -31.000000 -70.000000  45.000000 
lIP -28.000000 -65.000000  36.000000 
lIP -39.000000 -70.000000  39.000000 
lIP -33.000000 -78.000000  36.000000 
lIP -31.000000 -70.000000  27.000000 
lIP  31.000000 -77.000000  18.000000 
lIP -36.000000 -84.000000  17.000000 
lIP -36.000000 -82.000000  24.000000 
lIP -38.000000 -75.000000  29.000000 
lIP -41.000000 -75.000000  21.000000 
lIP -43.000000 -70.000000  16.000000 
lIP -42.000000 -66.000000  22.000000 
lIP -44.000000 -68.000000  28.000000 
lIP -43.000000 -59.000000  33.000000 
lIP -50.000000 -56.000000  29.000000 
lIP -47.000000 -51.000000  22.000000 
lIP -37.000000 -56.000000  26.000000 
lIP -39.000000 -54.000000  15.000000 
lIP -41.000000 -64.000000  13.000000 
lPCUN -10.000000 -56.000000  55.000000 
lPCUN -11.000000 -47.000000  64.000000 
lPCUN  -8.000000 -47.000000  57.000000 
lPCUN  -6.000000 -51.000000  51.000000 
lPCUN -15.000000 -44.000000  49.000000 
lPCUN  -7.000000 -42.000000  44.000000 
lPCUN  -7.000000 -52.000000  45.000000 
lPCUN -13.000000 -48.000000  40.000000 
lPCUN -14.000000 -51.000000  33.000000 
lPCUN  -8.000000 -56.000000  26.000000 
lPCUN  -3.000000 -65.000000  31.000000 
lPCUN  -6.000000 -56.000000  38.000000 
lPCUN  -4.000000 -66.000000  39.000000 
lPCUN  -7.000000 -62.000000  48.000000 
lPCUN  -6.000000 -72.000000  44.000000 
lPCUN -16.000000 -73.000000  38.000000 
lPCUN -18.000000 -69.000000  29.000000 
lPCUN -12.000000 -65.000000  34.000000 
lPCUN  -5.000000 -63.000000  24.000000 
lPCUN -16.000000  60.000000  24.000000 
lPCUN -20.000000 -65.000000  24.000000 
lPCUN -17.000000 -59.000000  13.000000 
lPCUN  -6.000000 -58.000000  16.000000 
lCUN -15.000000 -74.000000  25.000000 
lCUN  -5.000000 -83.000000  34.000000 
lCUN  -8.000000 -90.000000  24.000000 
lCUN  -4.000000 -94.000000  15.000000 
lCUN  -2.000000 -86.000000  19.000000 
lCUN  -5.000000 -77.000000  25.000000 
lCUN  -4.000000 -73.000000  21.000000 
lCUN -14.000000 -66.000000  17.000000 
lPCAL -10.000000 -87.000000   4.000000 
lPCAL  -8.000000 -75.000000   8.000000 
lPCAL -13.000000 -77.000000  15.000000 
lPCAL -21.000000 -70.000000   9.000000 
lPCAL -16.000000 -71.000000  12.000000 
lPCAL  -5.000000 -71.000000  14.000000 
lPCAL  -5.000000 -80.000000  15.000000 
lPCAL -10.000000 -86.000000  11.000000 
lPCAL -12.000000 -93.000000   7.000000 
lLOCC -12.000000 -92.000000  -6.000000 
lLOCC -17.000000 -98.000000   8.000000 
lLOCC -15.000000 -100.000000  -1.000000 
lLOCC  -9.000000 -100.000000   6.000000 
lLOCC -11.000000 -98.000000  15.000000 
lLOCC -16.000000 -92.000000  20.000000 
lLOCC -18.000000 -98.000000   8.000000 
lLOCC -23.000000 -96.000000   3.000000 
lLOCC -26.000000 -94.000000  -6.000000 
lLOCC -22.000000 -91.000000  -8.000000 
lLOCC -31.000000 -87.000000  -9.000000 
lLOCC -39.000000 -85.000000  -6.000000 
lLOCC -42.000000 -80.000000   0.000000 
lLOCC -28.000000 -89.000000   1.000000 
lLOCC -34.000000 -84.000000   4.000000 
lLOCC -28.000000 -83.000000   9.000000 
lLOCC -27.000000 -92.000000  13.000000 
lLOCC -26.000000 -86.000000  15.000000 
lLOCC -43.000000 -81.000000   9.000000 
lLOCC -47.000000 -75.000000  10.000000 
lLOCC -43.000000 -72.000000   0.000000 
lLOCC -39.000000 -66.000000   5.000000 
lLING  -9.000000 -88.000000  -6.000000 
lLING  -3.000000 -83.000000   1.000000 
lLING -16.000000 -79.000000  -4.000000 
lLING  -9.000000 -77.000000   0.000000 
lLING  -3.000000 -72.000000   7.000000 
lLING -14.000000 -68.000000  -4.000000 
lLING -21.000000 -71.000000   0.000000 
lLING -26.000000 -56.000000  -3.000000 
lLING -20.000000 -62.000000  -3.000000 
lLING -12.000000 -62.000000   2.000000 
lLING  -5.000000 -63.000000   6.000000 
lLING -21.000000 -64.000000   4.000000 
lLING -21.000000 -52.000000   2.000000 
lLING -11.000000 -54.000000   1.000000 
lLING -14.000000 -49.000000  -1.000000 
lLING -26.000000 -49.000000  -1.000000 
lFUS -27.000000 -74.000000  -1.000000 
lFUS -31.000000 -78.000000  -5.000000 
lFUS -40.000000 -74.000000  -8.000000 
lFUS -39.000000 -70.000000  -3.000000 
lFUS -42.000000 -66.000000 -11.000000 
lFUS -31.000000 -67.000000  -9.000000 
lFUS -32.000000 -54.000000  -6.000000 
lFUS -29.000000 -59.000000  -7.000000 
lFUS -40.000000 -54.000000 -14.000000 
lFUS -41.000000 -59.000000  -9.000000 
lFUS -39.000000 -48.000000 -12.000000 
lFUS -27.000000 -47.000000 -11.000000 
lFUS -35.000000 -43.000000  -6.000000 
lFUS -36.000000 -33.000000 -12.000000 
lFUS -30.000000 -39.000000 -14.000000 
lFUS -40.000000 -40.000000 -16.000000 
lFUS -38.000000 -33.000000 -18.000000 
lFUS -39.000000 -27.000000 -17.000000 
lFUS -37.000000 -16.000000 -19.000000 
lFUS -37.000000 -10.000000 -26.000000 
lFUS -35.000000  -9.000000 -32.000000 
lFUS -32.000000  -1.000000 -34.000000 
lPARH -15.000000 -40.000000  -5.000000 
lPARH -25.000000 -40.000000  -6.000000 
lPARH -31.000000 -37.000000  -8.000000 
lPARH -19.000000 -29.000000 -11.000000 
lPARH -31.000000 -27.000000 -15.000000 
lPARH -25.000000 -22.000000 -21.000000 
lENT -29.000000 -12.000000 -25.000000 
lENT -18.000000 -11.000000 -21.000000 
lENT -25.000000  -4.000000 -27.000000 
lTP -34.000000  13.000000 -27.000000 
lTP -36.000000  11.000000 -31.000000 
lTP -28.000000  13.000000 -31.000000 
lTP -27.000000   6.000000 -33.000000 
lIT -44.000000 -62.000000   0.000000 
lIT -53.000000 -60.000000  -5.000000 
lIT -50.000000 -56.000000  -6.000000 
lIT -46.000000 -49.000000  -8.000000 
lIT -55.000000 -51.000000 -10.000000 
lIT -57.000000 -47.000000 -15.000000 
lIT -47.000000 -42.000000 -14.000000 
lIT -54.000000 -39.000000 -17.000000 
lIT -48.000000 -36.000000 -17.000000 
lIT -57.000000 -32.000000 -21.000000 
lIT -48.000000 -26.000000 -20.000000 
lIT -56.000000 -23.000000 -24.000000 
lIT -53.000000 -17.000000 -27.000000 
lIT -44.000000 -15.000000 -22.000000 
lIT -50.000000 -11.000000 -29.000000 
lIT -44.000000  -6.000000 -33.000000 
lIT -38.000000   1.000000 -31.000000 
lMT -50.000000 -62.000000  11.000000 
lMT -50.000000 -59.000000   4.000000 
lMT -57.000000 -59.000000   9.000000 
lMT -57.000000 -57.000000   2.000000 
lMT -62.000000 -47.000000   2.000000 
lMT -56.000000 -48.000000  -3.000000 
lMT -62.000000 -41.000000  -4.000000 
lMT -61.000000 -34.000000 -12.000000 
lMT -61.000000 -32.000000  -7.000000 
lMT -50.000000 -34.000000  -5.000000 
lMT -54.000000 -22.000000 -10.000000 
lMT -65.000000 -26.000000 -10.000000 
lMT -63.000000 -18.000000 -13.000000 
lMT -56.000000 -17.000000 -18.000000 
lMT -58.000000 -14.000000 -14.000000 
lMT -59.000000  -6.000000 -18.000000 
lMT -48.000000  -5.000000  24.000000 
lMT  56.000000   0.000000 -21.000000 
lMT -46.000000   5.000000 -27.000000 
lBSTS -50.000000 -53.000000   9.000000 
lBSTS -49.000000 -46.000000  14.000000 
lBSTS -50.000000 -45.000000   6.000000 
lBSTS -54.000000 -43.000000   0.000000 
lBSTS -52.000000 -35.000000   5.000000 
lST -58.000000 -51.000000  19.000000 
lST -62.000000 -44.000000  15.000000 
lST -52.000000 -39.000000  16.000000 
lST -40.000000 -36.000000  12.000000 
lST -46.000000 -33.000000   9.000000 
lST -64.000000 -39.000000  13.000000 
lST -65.000000 -32.000000  10.000000 
lST -59.000000 -29.000000   3.000000 
lST -65.000000 -25.000000   8.000000 
lST -53.000000 -28.000000   6.000000 
lST -63.000000 -16.000000   3.000000 
lST -60.000000 -20.000000   0.000000 
lST -47.000000 -30.000000  -2.000000 
lST -50.000000 -18.000000   6.000000 
lST -58.000000  -8.000000   3.000000 
lST -45.000000 -21.000000  -1.000000 
lST -43.000000 -16.000000  -7.000000 
lST -59.000000  -5.000000  -2.000000 
lST -52.000000 -10.000000  -9.000000 
lST -49.000000  -4.000000 -14.000000 
lST -57.000000   2.000000  -4.000000 
lST -51.000000  -3.000000  -5.000000 
lST -46.000000  -7.000000 -11.000000 
lST -55.000000   8.000000  -9.000000 
lST -48.000000   4.000000 -19.000000 
lST -50.000000  13.000000 -14.000000 
lST -46.000000   2.000000 -16.000000 
lST -46.000000  16.000000 -20.000000 
lST -43.000000  16.000000 -24.000000 
lTT -49.000000 -16.000000   6.000000 
lTT -47.000000 -21.000000  10.000000 
lTT -41.000000 -24.000000  11.000000 
lTT -36.000000 -28.000000  14.000000 
